10009.77,1593.14, -80.03 
10163.10,1569.70, -80.20 
10318.78,1545.54, -80.31 
10476.84,1523.12, -80.46 
10637.33,1501.17, -80.58 
10800.27,1479.69, -80.71 
10965.70,1457.52, -80.86 
11133.68,1436.94, -80.96 
11304.22,1414.90, -81.04 
11477.38,1394.09, -81.16 
11653.19,1374.95, -81.30 
11831.69,1353.46, -81.40 
12012.93,1334.30, -81.56 
12196.94,1313.67, -81.63 
12383.77,1294.50, -81.73 
12573.47,1275.97, -81.81 
12766.07,1257.06, -81.94 
12961.62,1238.55, -82.04 
13160.16,1219.66, -82.17 
13361.75,1202.21, -82.25 
13566.42,1184.39, -82.37 
13774.23,1167.05, -82.47 
13985.23,1149.65, -82.61 
14199.45,1132.27, -82.64 
14416.96,1115.92, -82.75 
14637.80,1098.95, -82.81 
14862.02,1082.91, -82.94 
15089.67,1066.24, -83.02 
15320.81,1051.23, -83.12 
15555.50,1035.08, -83.23 
15793.78,1021.04, -83.30 
16035.70,1004.51, -83.40 
16281.34,990.03, -83.46 
16530.73,975.61, -83.56 
16783.95,960.63, -83.62 
17041.05,946.69, -83.75 
17302.08,932.80, -83.77 
17567.11,918.74, -83.89 
17836.21,905.47, -83.94 
18109.42,891.58, -84.02 
18386.82,879.01, -84.09 
18668.47,865.04, -84.17 
18954.43,852.37, -84.24 
19244.77,840.30, -84.30 
19539.56,826.73, -84.37 
19838.87,814.67, -84.44 
20142.76,803.07, -84.49 
20451.30,791.05, -84.57 
20764.58,778.72, -84.62 
21082.65,767.64, -84.72 
21405.59,755.53, -84.79 
21733.48,744.84, -84.85 
22066.39,733.86, -84.87 
22404.40,722.56, -84.94 
22747.59,711.95, -84.99 
23096.04,701.04, -85.08 
23449.82,690.82, -85.15 
23809.02,680.41, -85.20 
24173.73,670.56, -85.23 
24544.02,659.97, -85.31 
24919.98,650.69, -85.36 
25301.71,640.48, -85.35 
25689.28,631.11, -85.44 
26082.79,621.72, -85.52 
26482.32,612.16, -85.53 
26887.97,603.34, -85.58 
27299.84,594.16, -85.69 
27718.02,585.16, -85.67 
28142.60,576.64, -85.76 
28573.69,567.95, -85.80 
29011.38,559.35, -85.83 
29455.77,551.13, -85.92 
29906.98,542.50, -85.90 
30365.09,535.09, -85.97 
30830.22,527.07, -86.02 
31302.47,518.89, -86.02 
31781.96,510.81, -86.12 
32268.80,503.11, -86.15 
32763.09,495.70, -86.19 
33264.95,488.23, -86.19 
33774.50,481.06, -86.21 
34291.86,473.83, -86.29 
34817.14,466.98, -86.29 
35350.47,459.83, -86.32 
35891.96,453.04, -86.37 
36441.75,446.35, -86.40 
36999.97,439.45, -86.47 
37566.73,432.93, -86.48 
38142.18,426.28, -86.54 
38726.43,419.80, -86.59 
39319.64,413.72, -86.58 
39921.94,407.61, -86.63 
40533.46,401.31, -86.66 
