10258.64, -3.43 
17302.08,10245.27, -3.41 
17567.11,10246.44, -3.46,10054.89, -2.11 
0074.16, -2.02 
77929.57,10073.95, -2.02 
79104025.88,10061.72, -2.16 
105619.34,10058.84, -2.18 
107237.22,10051.18, -2.10 
108879.87,10064.89, -2.21 
110547.69,10045.81, -2.07 
112241.05,10051.99, -2.12 
113960.35,10043.94, -2.18 
115705.98,10038.12, -2.19 
117478.37,10046.61, -2.11 
119277.89,10058.71, -2.16 
121104.98,10048.81, -2.17 
122960.06,10056.42, -2.17 
124843.55,10052.84, -2.12 
126755.91,10047.72, -2.26 
128697.55,10030.36, -2.23 
130668.92,10038.40, -2.22 
132670.50,10047.13, -2.24 
134702.73,10036.46, -2.26 
136766.11,10050.69, -2.23 
138861.08,10043.15, -2.37 
140988.16,10056.26, -2.28 
143147.80,10022.35, -2.32 
145340.53,10042.55, -2.46 
147566.84,10041.36, -2.39 
149827.27,10037.08, -2.39 
152122.31,10048.37, -2.34 
154452.52,10056.24, -2.34 
156818.41,10031.08, -2.47 
159220.55,10044.67, -2.60 
161659.47,10036.38, -2.44 
164135.77,10023.05, -2.54 
166649.98,10033.23, -2.53 
169202.72,10041.15, -2.56 
171794.56,10030.07, -2.53 
174426.09,10016.79, -2.60 
177097.94,10022.39, -2.61 
179810.72,10027.20, -2.70 
182565.05,10006.02, -2.64 
185361.56,10056.31, -2.70 
188200.92,10021.23, -2.63 
191083.78,10018.02, -2.64 
194010.78,9986.28, -2.57 
196982.63,10047.65, -2.86 
200000.00,10705.51, -4.52 
100.00,83860.45, -82.66 
101.53,83706.74, -83.84 
103.09,82959.84, -85.45 
104.67,81404.94, -86.53 
106.27,78541.80, -87.51 
107.90,75358.37, -87.92 
109.55,72463.94, -87.84 
111.23,70323.54, -86.89 
112.93,67845.78, -85.66 
114.66,66508.67, -84.49 
116.42,65600.63, -82.94 
118.20,65117.15, -81.55 
120.01,65554.99, -80.84 
121.85,65471.46, -80.24 
123.72,65472.75, -80.36 
125.61,65415.60, -80.87 
127.54,64483.11, -81.45 
129.49,63567.30, -81.95 
131.47,61859.61, -82.43 
133.49,60303.45, -82.52 
135.53,58720.18, -81.95 
137.61,57333.89, -81.35 
139.72,56284.54, -80.51 
141.86,55523.41, -79.64 
144.03,55139.59, -78.85 
146.24,55133.36, -78.64 
148.48,54702.73, -78.45 
150.75,54342.64, -78.58 
153.06,53457.10, -79.16 
155.40,52480.99, -79.29 
157.78,51316.42, -79.17 
160.20,50202.39, -79.05 
162.65,49082.99, -78.36 
165.15,48535.70, -77.63 
167.68,48001.65, -77.26 
170.24,47477.77, -76.90 
172.85,47195.25, -76.75 
175.50,46645.07, -76.67 
178.19,45896.51, -76.88 
180.92,45004.80, -76.87 
183.69,44146.49, -76.81 
186.50,43414.66, -76.18 
189.36,42841.89, -75.88 
192.26,42148.82, -75.40 
195.20,41916.72, -75.04 
198.20,41518.32, -74.99 
201.23,40915.54, -75.02 
204.31,40327.52, -74.93 
207.44,39593.30, -74.73 
210.62,38884.34, -74.48 
213.85,38343.39, -74.01 
217.12,37816.52, -73.62 
220.45,37446.75, -73.38 
223.83,36907.88, -73.16 
227.25,36425.80, -73.21 
230.73,35821.96, -73.01 
234.27,35362.08, -72.80 
237.86,34789.33, -72.46 
241.50,34315.21, -72.07 
245.20,34001.82, -71.69 
248.96,33551.01, -71.57 
252.77,33144.82, -71.39 
256.64,32605.23, -71.10 
260.57,32082.15, -70.82 
264.56,31672.74, -70.48 
268.62,31305.86, -70.21 
272.73,30882.05, -69.89 
276.91,30535.79, -69.81 
281.15,30072.76, -69.51 
285.46,29623.64, -69.28 
289.83,29233.45, -68.72 
294.27,28887.84, -68.44 
298.78,28550.25, -68.22 
303.35,28189.81, -67.95 
308.00,27791.93, -67.76 
312.72,27445.73, -67.41 
317.51,27106.13, -67.01 
322.37,26736.61, -66.84 
327.31,26413.13, -66.52 
332.32,26031.44, -66.22 
337.42,25749.06, -65.85 
342.58,25445.79, -65.50 
347.83,25123.03, -65.22 
353.16,24774.64, -64.94 
358.57,24463.48, -64.54 
364.06,24211.17, -64.22 
369.64,23886.85, -63.84 
375.30,23620.49, -63.54 
381.05,23309.25, -63.31 
386.89,23052.01, -62.90 
392.81,22776.64, -62.55 
398.83,22506.10, -62.16 
404.94,22218.33, -61.84 
411.14,21958.62, -61.46 
417.44,21727.33, -61.16 
423.83,21455.04, -60.80 
430.33,21210.30, -60.45 
436.92,20946.27, -60.00 
443.61,20749.96, -59.66 
450.41,20495.62, -59.30 
457.31,20245.71, -58.88 
464.31,20080.43, -58.56 
471.42,19852.33, -58.10 
478.64,19637.40, -57.81 
485.98,19382.78, -57.39 
493.42,19208.86, -57.11 
500.98,19014.88, -56.68 
508.65,18802.15, -56.16 
516.44,18585.60, -55.88 
524.35,18429.47, -55.41 
532.39,18247.64, -55.07 
540.54,18047.86, -54.66 
548.82,17871.03, -54.28 
557.23,17702.95, -53.82 
565.76,17531.04, -53.46 
574.43,17342.63, -53.08 
583.23,17180.26, -52.59 
592.16,16997.30, -52.23 
601.23,16859.10, -51.89 
610.44,16702.53, -51.42 
619.79,16548.50, -51.03 
629.29,16395.55, -50.58 
638.93,16245.17, -50.19 
648.71,16116.50, -49.75 
658.65,15969.29, -49.39 
668.74,15842.08, -48.91 
678.98,15680.17, -48.49 
689.38,15555.40, -48.02 
699.94,15449.99, -47.69 
710.67,15309.55, -47.17 
721.55,15189.30, -46.84 
732.60,15085.65, -46.40 
743.83,14949.94, -45.97 
755.22,14814.12, -45.49 
766.79,14697.25, -45.13 
778.53,14609.63, -44.59 
790.46,14494.31, -44.25 
802.57,14379.23, -43.85 
814.86,14279.75, -43.45 
827.34,14179.94, -43.01 
840.02,14078.59, -42.51 
852.88,13980.54, -42.13 
865.95,13895.59, -41.70 
879.21,13810.69, -41.27 
892.68,13713.93, -40.91 
906.36,13629.49, -40.49 
920.24,13545.20, -40.08 
934.34,13461.07, -39.68 
948.65,13388.00, -39.21 
963.18,13304.05, -38.82 
977.93,13219.43, -38.38 
992.91,13146.12, -37.93 
1008.12,13062.79, -37.55 
1023.56,12991.59, -37.22 
1039.24,12917.15, -36.73 
1055.16,12843.59, -36.31 
1071.33,12770.97, -35.95 
1087.74,12711.78, -35.58 
1104.40,12651.45, -35.15 
1121.31,12587.07, -34.74 
1138.49,12535.56, -34.31 
1155.93,12475.63, -33.95 
1173.64,12409.35, -33.50 
1191.61,12363.24, -33.19 
